 6901023  1   cat12   49
 6901027  1   cat12   63
 6901030  1   cat12   78

 5904988  1   geov	   39
 5904989  1   geov	   40
 6901593  1   geov    29
 6901631  25   bo16    15
 6901632  3   geov    21

 6901595  1   rr15    40
 6901602  1   rr15    120
 6901628  1   rr15    23
 6901750  62   rr17    1
 6901751  1   rr15    32
 6901752  75   rr17    106
 6901757  1   rr15    0
 6901758  1   rr15    120
 6901759  1   rr15    120

 6901457  1   bo16    48
 6901753  1   bo16    78
 6901754  1   bo16    72
 6901755  1   bo16    62
 6901762  2   bo16    74

 6901603  1   rr17    89
 6902686  1   rr17    40
 6902805  1   rr17    6
 6902807  1   rr17    26
 6902808  1   rr17    37
 6902810  1   rr17    89
 6902811  2   rr17    109
 6902819  1   rr17    118
 6901763  1   ov18_PRES_precalib_201  29
 6902818  1   ov18_PRES_precalib_201  77
 6902882  1   ov18_PRES_precalib_201  104
 6901601  1   ov18_PRES_precalib_201  77



 6902805  1   rr17    6
 4901801  1   rr17    26
 6900807  1   rr17    37
 6901032  1   rr17    89
 5904989  1   rr17    118



